0 9576 4170 4307 1377 5340 9678 4147
0 0 5369 7773 9799 8208 1799 6569
0 0 0 8787 2189 3634 660 4225
0 0 0 0 7599 3619 6438 5662
0 0 0 0 0 6311 8806 9639
0 0 0 0 0 0 3899 8140
0 0 0 0 0 0 0 8648
0 0 0 0 0 0 0 0


0 1 10 100
0 0 0 0  
0 1000 0 0   
0 100000 10000 10

0 1 1 1 1
0 0 1 1 1
0 0 0 1 1
0 0 0 0 1
0 0 0 0 0


0 1 0 0 0 0 0 0 0 0 0
0 0 1 0 0 0 0 0 0 0 0
0 0 0 1 0 0 0 0 0 0 0
0 0 0 0 1 0 0 0 0 0 0
0 0 0 0 0 1 0 0 0 0 0
0 0 0 0 0 0 1 0 0 0 0
0 0 0 0 0 0 0 1 0 0 0
0 0 0 0 0 0 0 0 1 0 0
0 0 0 0 0 0 0 0 0 1 0
0 0 0 0 0 0 0 0 0 0 1
1 0 0 0 0 0 0 0 0 0 0


ДЛЯ КОМПОНЕНТ СВЯЗНОСТИ
1 1 0 0 0 0 0
0 1 0 0 0 0 0
0 1 0 1 0 0 0
0 0 1 0 0 1 0
0 0 0 1 0 0 0
0 0 0 0 0 0 1
0 0 0 0 1 1 0

0 0 0 0 1 0 1
0 0 0 0 0 0 0
0 0 0 1 0 0 0
0 0 1 0 0 0 0
1 0 0 0 0 0 1
0 0 0 0 0 1 0
1 0 0 0 1 0 0

ДЛЯ ПОРЯДКОВОЙ ФУНКЦИИ
0 1 1 0
0 0 0 1
0 0 0 1
0 0 0 0

0 0 1 0 0 0 0 0
1 0 1 1 1 1 1 1
0 0 0 1 1 0 0 0 
0 0 0 0 0 0 1 0
0 0 0 0 0 0 0 1
1 0 1 0 0 0 0 0
0 0 0 0 0 0 0 0
0 0 0 0 0 0 0 0

0 1 0 0 0 0 0 0 0 0 0
0 0 1 0 0 0 0 0 0 0 0
0 0 0 1 0 0 0 0 0 0 0
0 0 0 0 1 0 0 0 0 0 0
0 0 0 0 0 1 0 0 0 0 0
0 0 0 0 0 0 1 0 0 0 0
0 0 0 0 0 0 0 1 0 0 0
0 0 0 0 0 0 0 0 1 0 0
0 0 0 0 0 0 0 0 0 1 0
0 0 0 0 0 0 0 0 0 0 1
1 0 0 0 0 0 0 0 0 0 0

остов экстремального веса

0 4 8 7 5
4 0 0 5 12
8 0 0 8 6
7 5 8 0 0
5 12 6 0 0


0 4 8 7 5 0
4 0 0 5 12 0
8 0 0 8 6 0
7 5 8 0 0 0
5 12 6 0 20 0
0 0 0 0 0 0


0 4 8 0 8 5 3 2 0 0 0
4 0 2 3 0 4 0 0 0 0 7
8 2 0 0 3 0 0 4 0 7 8
0 3 0 0 0 6 0 0 9 0 0
8 0 3 0 0 0 1 5 0 0 6
5 4 0 6 0 0 0 0 6 0 0
3 0 0 0 1 0 0 2 0 0 9
2 0 4 0 5 0 2 0 0 6 4
0 0 0 9 0 6 0 0 0 5 0
0 0 7 0 0 0 0 6 5 0 0
0 7 8 0 6 0 9 4 0 0 0